time,x,y,z,phi,theta,psi,x_velocity,y_velocity,z_velocity,phi_velocity,theta_velocity,psi_velocity,rotor_speed1,rotor_speed2,rotor_speed3,rotor_speed4
0.06,-3.856566463688698e-06,5.627823906151465e-06,10.002472147302825,0.001290598804025933,0.0008524937927738563,0.0,-0.0002246076907529711,0.00032950243434556745,0.08240173707849668,-0.013702430769506425,-0.011385196280274922,0.0,432.7578045867589,431.798649011222,430.85957294326124,429.6998310817516
0.12000000000000001,-3.229105314151082e-05,5.278067067445926e-05,10.008694012099761,0.0019002130389011995,0.00040774627364736915,0.0,-0.0006878664783930987,0.0013127014200118182,0.12498954292441468,-0.028064989948525642,-0.018066442963153045,0.0,417.99225823976184,417.4098051237718,419.5221382907676,418.2734328514742
0.18,-9.550736488184412e-05,0.00016400289590456644,10.018949484887353,0.00023882557120202819,0.0036264691648533187,0.0,-0.0017680201242907196,0.0022263631584088233,0.21684556636697191,-0.027229990827306698,-0.042021015123735496,0.0,435.38554579013066,433.37689581147674,434.2516329451941,434.3214403560091
0.23999999999999996,-0.0002746959124202687,0.00030033335397691317,10.034749848598397,6.2826748788498765,0.003608237154104188,0.0,-0.00418673546846007,0.002254037953148502,0.30981200452889446,-0.03880249828744761,-0.02584869948994632,0.0,433.2455381124186,434.6022556329354,436.0117680429185,435.0436635376897
0.3,-0.0005939418473615209,0.0004273335947284478,10.055548137093911,0.0002966517722136075,0.0027444900728239574,0.0,-0.006362181511367502,0.0020406544128875356,0.38344221874574785,-0.02056897827146706,-0.01788903265862939,0.0,428.2067191189394,428.8831117865641,427.8149447835147,429.3639146484011
0.36000000000000004,-0.0010361739411743382,0.0005851065478399245,10.084141715111377,0.007391154491428686,0.002072030511839351,0.0,-0.008294821059302555,0.003997601155278405,0.5696004723688536,0.009867663214931165,-0.012050180008785277,0.0,462.6029805628088,463.0625497611095,463.2021232768663,465.58922040523424
0.4200000000000001,-0.0015718918246654836,0.0009657356036631203,10.119363095215224,0.008183497051583721,0.0017322250703628583,0.0,-0.00953849625188071,0.008759521785533863,0.6044269780773898,0.013714826906922786,-0.020136775861669842,0.0,417.1478169968033,416.44125801316846,415.1590075661442,415.49626440768355
0.48000000000000015,-0.0022176040291473006,0.0017141287052233843,10.16100386714831,0.016698794459868438,0.01011150158806462,0.0,-0.012900499195728096,0.01712100671416316,0.7834784034169587,0.04292080630220557,0.012603444764152363,0.0,461.1213833994291,463.7001866092261,459.8736811524423,462.18107186867064
0.5400000000000001,-0.003284395519994782,0.0031538235305003013,10.214038544508432,0.0203509584976862,0.02283581820362457,0.0,-0.024102405338910303,0.03130756648819406,0.9841639732033238,0.030289493615333497,0.049319217167788025,0.0,466.8625994041384,469.7183778227173,469.1331471840596,468.1521361879775
0.6000000000000002,-0.005389954603400789,0.005554744169349073,10.280556302405747,0.02285737275582278,0.04186145674892039,0.0,-0.04838429305129385,0.04901766222103217,1.2327857490313252,0.038261345230892696,0.09204399319828271,0.0,480.93613585659705,484.16367990808675,482.94339223170306,483.54456305596636
0.6600000000000003,-0.00920220918359855,0.008991725123552159,10.358037191078658,0.026046515399146486,0.047558968991491035,0.0,-0.07927707950629499,0.06586820845043205,1.3497439001814768,0.0474849411320675,0.09557902573975316,0.0,443.51948191503203,443.8170560334485,444.04487987127084,444.8017192369145
0.7200000000000003,-0.015113888346249953,0.01358745450297606,10.444669969103993,0.03491029218837394,0.05841922674875999,0.0,-0.11899000972835104,0.08830445702600842,1.5376866274316676,0.07317703940959754,0.1192078481909566,0.0,465.54694329199833,467.4007301238346,464.8319322815722,466.8427874828349
0.7800000000000004,-0.023485364240996634,0.019615694851023102,10.539668860955844,0.03969013544639477,0.06884393446892201,0.0,-0.16108318241033123,0.11310507098514735,1.6287308623072148,0.07891542466211945,0.13785923382596096,0.0,436.2928000635041,437.8617423544795,436.6207102474354,437.10368888154915
0.8400000000000004,-0.03481822382683125,0.027363830723531022,10.643361504744359,0.04524147584818561,0.07723562090107716,0.0,-0.21764301475360281,0.14578739508179483,1.8272882754866955,0.0876854238732003,0.13267612696568581,0.0,469.870442545235,469.4845315092833,470.9765482540505,471.65931623093775
0.9000000000000005,-0.04946329895116961,0.037088723893126674,10.755083681588044,0.06742221452305497,0.09207655291392047,0.0,-0.2719944263012232,0.18057025842233596,1.8964190461981054,0.04140955282030857,0.1027162373410319,0.0,432.0587479181841,429.53983648440794,433.90622273206566,430.00841913964945
0.9600000000000005,-0.06765895361658125,0.049287948236622414,10.871225800572837,0.07089455195003502,0.09822765392075006,0.0,-0.33512564985688903,0.2264106191731677,1.9747536734727535,0.029256178418585396,0.10138600865535603,0.0,434.792333433586,434.6902114014715,435.8859553581774,434.8698781540762
1.0200000000000005,-0.08994618380738459,0.06442353060510254,10.993788683129639,0.07274182801512907,0.10616384140572155,0.0,-0.40859680099605095,0.2782855945989512,2.110312896684951,0.024524917936785025,0.11514543379751899,0.0,452.7761516103689,453.8913094976579,454.1109873172308,453.73150637859817
1.0800000000000005,-0.11680479082725388,0.08270229310675212,11.124381120477647,0.0742069511459249,0.11342865104513589,0.0,-0.4874495319373487,0.33113619896289,2.242392940247439,0.022502876599435687,0.10729852313522048,0.0,454.572504474407,453.9542550321881,452.4766225251489,452.31387119036833
1.1400000000000006,-0.1483662376682615,0.10406734272320266,11.26127445143546,0.07684101182221781,0.12062099144468696,0.0,-0.5652858897028268,0.38128287109623304,2.320428550838228,0.00883258898694187,0.1156880743562178,0.0,437.5612033702059,438.26995830491524,436.82994725945423,435.68849811221344
1.2000000000000006,-0.18544023154396141,0.12891504961713812,11.408346442881264,0.07891312368570969,0.13127321983341123,0.0,-0.6718164326649999,0.44715536368373776,2.581176596439006,0.021289033211681366,0.09335080963590268,0.0,493.48359524482186,491.84116797150733,492.9622943875467,493.881725127237
1.2600000000000007,-0.2290360900857922,0.15770307208604595,11.5700857873734,0.08333853512012723,0.13875693346146623,0.0,-0.782198152286498,0.5129447566252368,2.8093744803217273,0.000615735819200016,0.10722869144869455,0.0,484.7039328365058,485.75310323662995,486.0350875093721,484.4831507817039
1.3200000000000007,-0.27890817677545415,0.19021772482824445,11.7417446406661,0.08555168780081868,0.14518567319486841,0.0,-0.8808308640682442,0.5710486886414398,2.9121590372883794,0.01562024326166956,0.10694661270145947,0.0,449.082986566719,449.0700521850134,448.0491610964331,449.26731057796286
1.3800000000000008,-0.33521775660673525,0.22648478868278346,11.922117574716234,0.08768456215912934,0.15218380588498626,0.0,-0.9969005880066559,0.6380481268846294,3.099557483606127,0.0023820031966913817,0.09730783100054492,0.0,475.94344674822605,475.213769790001,476.304993331211,475.2913599639421
1.4400000000000008,-0.39827431838842425,0.26660626493590794,12.111234246340015,0.09204133089473121,0.15921978123247538,0.0,-1.105679524885874,0.6997104027180833,3.2038066509323855,0.02370093162279153,0.08405975377942315,0.0,452.87718520571246,451.8174479463705,450.3606877329977,452.081704979976
1.5000000000000009,-0.4682355527902409,0.3106413169230875,12.308030461339426,0.09380527108100711,0.16447586283488658,0.0,-1.2268675841471088,0.7682603705037533,3.355422823272696,0.015984241321919484,0.08804967817274789,0.0,467.72063914555486,468.03688013200974,467.40344738001176,466.8016246538103
1.560000000000001,-0.5455764043390734,0.35881763496701957,12.513813386426303,0.09608059758037601,0.17019507012394453,0.0,-1.3517080671641983,0.8377812798985366,3.503326368173798,0.027409263263935252,0.0941831794314778,0.0,467.36034251210936,467.8445202113486,467.38283771300263,468.272420542458
1.620000000000001,-0.6297074146075069,0.4107568044309782,12.723629859303044,0.10192230857769857,0.17740270286283621,0.0,-1.453277378881054,0.8939804391427949,3.49034116829689,0.04868349676862938,0.10670255179615709,0.0,416.1933203605784,417.29671482229077,417.31096197255835,419.16461362310645
1.680000000000001,-0.7202710800905558,0.4662873471325254,12.933702077563877,0.1113790849843328,0.18826389984820846,0.0,-1.5665038848746542,0.9578210763556003,3.5115904510789346,0.0755140824432977,0.08233887845547713,0.0,430.62031405391645,428.563044149984,428.5317820659997,430.8090704198532
1.740000000000001,-0.8182445548541963,0.5260537373939335,13.147241289286738,0.11589936623386166,0.19357190640083477,0.0,-1.6997599513127524,1.034777386327028,3.6057842485414096,0.07389713853364417,0.08788832470539434,0.0,454.04899713505284,454.499650245655,454.18635084824683,454.060919297239
1.8000000000000012,-0.9234398804514334,0.5900041162268419,13.36191252432102,0.12237071983197279,0.19884289355317097,0.0,-1.807219011746823,1.097386217261034,3.5498338174896182,0.08837925360945341,0.08560895717977902,0.0,405.7883429351403,405.5907374819741,404.62512312022784,405.9325391052863
1.8600000000000012,-1.0359456414421595,0.6582833409525106,13.576974113037448,0.1300786184187821,0.20401202764981097,0.0,-1.9434402776182986,1.179248648201516,3.6182970159528973,0.1042097649989364,0.08672205053427279,0.0,447.82734404542373,447.9239109797777,446.73437328578484,448.0307981121359
1.9200000000000013,-1.1573978789637744,0.7320546315934243,13.799221463941848,0.1420190487792219,0.2105805393178013,0.0,-2.105601601508317,1.281029063767333,3.7887946940522856,0.07685610615249057,0.07266604689490253,0.0,481.0234020509953,479.96265133594045,481.8236862884471,479.75812029078065
1.9800000000000013,-1.288421918941869,0.8119633284210964,14.030214132650727,0.14705416716032094,0.21495220386949843,0.0,-2.262246555218862,1.3830050490265335,3.910133630896559,0.06842438216097896,0.06977882545857095,0.0,467.6404921032864,467.41920111638404,468.64937245424954,467.99746501181886
2.0400000000000014,-1.4291419745389022,0.8982192965096948,14.269273833670729,0.15387004034738982,0.221310261404688,0.0,-2.4290157314418814,1.4927541308297676,4.057448480500396,0.08529850698279483,0.05239202646262364,0.0,478.46577073070443,477.14282125367873,476.8939222565593,478.1850795783605
2.1000000000000014,-1.5796549559141022,0.9909584064742281,14.515553802467261,0.1604536196106583,0.22560129017332287,0.0,-2.588458041171423,1.5990937904308489,4.151051402774298,0.07078180159226964,0.03939593528433648,0.0,463.3735391122395,462.35196924206383,464.3324735011602,463.197057374493
2.1600000000000015,-1.7404928315853747,1.0906809843320968,14.77025601334539,0.170256001567342,0.22796016941872121,0.0,-2.772911062635041,1.7258847983033743,4.3377170370515055,0.09542890794999896,0.0372709448549902,0.0,492.8191000691828,492.66256492158715,493.04736293701745,494.8694900432996
2.2200000000000015,-1.9113629595515453,1.1974031083329144,15.031404367812577,0.17611585998473256,0.2314686653941571,0.0,-2.9230603216968256,1.8319405472965118,4.366658664980814,0.09841593644744698,0.04848480130261752,0.0,447.0616661644559,447.97545592944135,446.625996545495,446.8774682423215
2.2800000000000016,-2.090953903098603,1.3103112704325661,15.29270584763948,0.182009206146442,0.2349568447190693,0.0,-3.063651209228766,1.9320801392081368,4.3430431131965666,0.0969955417510042,0.0388624648183863,0.0,431.2862041876806,430.47386122366015,431.03540720084044,430.923886017003
2.3400000000000016,-2.2786001542961363,1.4289729410146863,15.550680489777053,0.18890396567739032,0.23836813151426917,0.0,-3.191605736614983,2.0237823433809474,4.256036036308042,0.1072161370463521,0.026217416740338877,0.0,410.4650466784911,409.34174771289986,408.9555888989865,409.8747633907405
2.4000000000000017,-2.474322702038869,1.5534980363961324,15.804743602925456,0.19817683067212855,0.23996635669829391,0.0,-3.332691156101647,2.1277543887245924,4.212424952800994,0.08751605897145583,0.02290499442645841,0.0,425.66497818623304,425.3815066787601,425.5733208270115,423.8927763805897
2.4600000000000017,-2.6789529959428795,1.6847115614145773,16.057641016498156,0.2089369669429546,0.24828833604435552,0.0,-3.4890172014710097,2.2468391283834865,4.216678250162203,0.060575687066151546,0.050604007354926886,0.0,441.14890184083913,443.4309855670399,443.3482918312592,441.1339168550936
2.520000000000002,-2.892854336767589,1.8229766424482077,16.3095659579158,0.21325861018296877,0.26303116496956314,0.0,-3.6422729366238062,2.3621520954942428,4.180110902326586,0.06853462843268181,0.011904063964836491,0.0,432.1895920250908,428.9156802186804,429.8282114016438,430.50534867070417
2.580000000000002,-3.115464656579812,1.9676560045351474,16.55665715864583,0.21932769084921322,0.2647079621686421,0.0,-3.778375708345787,2.4609014845117496,4.056330667876202,0.0519628065697687,0.021518206183946155,0.0,400.7235283483096,401.59663432552804,400.7517480589101,399.24567722431004
2.640000000000002,-3.3474627227544067,2.119250306930978,16.800435922507816,0.2233353013366619,0.27179692745708195,0.0,-3.9554981832763474,2.592370592567552,4.068876605406111,0.061165459735456174,0.04672233024157285,0.0,448.4561554210938,450.4994061308297,446.8111675435227,447.5629321641008
2.700000000000002,-3.5894672055222543,2.2781764347889792,17.042241172544966,0.22842446309793996,0.27543824154507757,0.0,-4.111723960100341,2.705436918237281,3.991063238961149,0.07307037177763935,0.05562143281073025,0.0,418.66430967606544,419.43973947800754,418.31171385133973,419.35073248148615
2.760000000000002,-3.8407742398243987,2.4438136843412566,17.278769124918217,0.23418354066132618,0.2819300807730727,0.0,-4.265783428811074,2.8160991184691335,3.892939764652073,0.0847704260943675,0.07391432432764158,0.0,411.5309183128231,413.15034267283806,411.77438554525565,412.81351693565347
2.820000000000002,-4.102386871746072,2.6169159293868565,17.51248036696301,0.24453333478500205,0.2884495964128826,0.0,-4.455189998346943,2.954611989887808,3.8964695133315614,0.1087307100044493,0.08857573643624965,0.0,447.92342623458484,449.11927542450576,447.5972493345041,449.55051067466826
2.880000000000002,-4.374503510759389,2.7976545279954688,17.743036555521286,0.25170678357984233,0.29438305617489213,0.0,-4.6159605473054475,3.0703803923185626,3.7884295183505055,0.11644034244876163,0.07867398433528085,0.0,412.7653818991928,411.8970496504982,410.65720425038893,411.3527237013462
2.940000000000002,-4.658560620950646,2.987212117563491,17.97397858538354,0.2597583386746791,0.2992414985645713,0.0,-4.852942355610709,3.2486197662961196,3.90805798907476,0.10387046148506615,0.08171632148903919,0.0,488.82785295531323,489.05900674586485,489.4154930473131,488.48883927729645
3.000000000000002,-4.955495457608092,3.1863586314292576,18.207362822507108,0.26683318508992393,0.3061067569871696,0.0,-5.045483736154865,3.389905229337496,3.8706032792364904,0.09254284114404962,0.09590781338593427,0.0,439.6065696492969,440.78742994730476,442.51080480631805,441.5858806632802
3.0600000000000023,-5.26423123328984,3.394131406369528,18.43867888825678,0.27299697383058685,0.3160208926944854,0.0,-5.246549484614478,3.5360001288687184,3.8389235526141765,0.09999022117015638,0.0723331407697026,0.0,445.3867454565094,443.4605569902478,445.5043791229333,446.1206659069893
3.1200000000000023,-5.5870244461735,3.6122875728340604,18.67328830030294,0.29521024517918004,0.3207771555081447,0.0,-5.5134090432553196,3.737638774172129,3.978872894634928,0.14291548465363904,0.06396377114961707,0.0,503.3033174496012,502.7001762573377,501.8261281794076,504.94298597928076
3.1800000000000024,-5.9244826582803185,3.841635624159318,18.911802481371932,0.306416382263051,0.3287146779677661,0.0,-5.735790144265125,3.9077876657369464,3.970203847302762,0.1595242472380378,0.08497605108998275,0.0,459.41829228722366,461.08538513466203,460.57885460618803,461.9106432223006
3.2400000000000024,-6.274813996545081,4.080768034903561,19.147854646208348,0.31826347769440133,0.33759880461653147,0.0,-5.942605333815176,4.063819092836315,3.897071769612412,0.14175461042229548,0.10512280975630615,0.0,441.393170171726,443.0602411395762,442.20274350076244,440.75866532884316
3.3000000000000025,-6.637176074644548,4.328887845703826,19.377891090940206,0.32681266413879495,0.34692861087000093,0.0,-6.1368929851231275,4.207091552154031,3.7700798144896477,0.1431443122798039,0.12300438659945861,0.0,424.5608264633492,426.1042328823012,424.685871368422,424.82495324584505
3.3600000000000025,-7.01369102964876,4.5877341730632395,19.606267020173693,0.33539106676933184,0.35429724044072675,0.0,-6.414040008914621,4.421184463747274,3.8403947555509848,0.14240329032517493,0.1215894163404375,0.0,494.8613647497834,494.76909081922247,494.32645584950086,494.2886167347159
3.4200000000000026,-7.405358426225361,4.858044806867575,19.834474395830952,0.3440772891753783,0.36169969630169696,0.0,-6.642122660669326,4.589326570414614,3.765370808562401,0.1455017914506558,0.12416920227231604,0.0,450.5450934453074,450.767017105051,449.8567375840338,450.12654540925803
3.4800000000000026,-7.809157359503223,5.136983298238914,20.053806103312642,0.35317635358219324,0.3691759819772793,0.0,-6.818610625984718,4.708916317958451,3.545485500686017,0.15106225528919717,0.12510800705126912,0.0,399.06203251942856,399.16374516847077,397.96709014869697,398.49899759116323
3.5400000000000027,-8.225268731398193,5.424546334833567,20.26365561809887,0.36230883891024135,0.3803171341088598,0.0,-7.052570614001215,4.876561831338238,3.448147209506167,0.15297451188385272,0.10298829892084921,0.0,447.27530188587633,445.48213006662326,445.84372153798546,446.0215617674848
3.6000000000000028,-8.655116705352995,5.721785948917231,20.466345111539905,0.3749520525479424,0.3880479635927401,0.0,-7.276309310605616,5.031763992941926,3.3071165583324746,0.17219919720161636,0.11548524819637325,0.0,433.3599437946699,434.4198217285347,431.94850304303213,433.59205166460083
3.660000000000003,-9.098480285619138,6.028372549946339,20.66028026234503,0.3862584156210449,0.3956007371086958,0.0,-7.503094880881295,5.188016422162187,3.1563809218553627,0.16011818614431597,0.12301836963002727,0.0,432.1692309875685,432.8168288053616,432.7575637098369,431.76713376292605
3.720000000000003,-9.555365799668863,6.344185915406092,20.84449949221585,0.39808882921034794,0.40299103207916964,0.0,-7.727055258569973,5.339328671527319,2.9833259633051146,0.14253909799871048,0.1202222493299028,0.0,426.70986760817175,426.48519636438886,427.0647638265778,425.58586937794524
3.780000000000003,-10.02711337961278,6.670314843134901,21.020931766924104,0.41439256633131816,0.41052260874872903,0.0,-7.998264044376902,5.532037413112776,2.895829322817991,0.11081597382557423,0.12531676258812455,0.0,461.31681294873414,461.7318617370371,461.95943511951094,459.46588797202793
3.840000000000003,-10.515052452901065,7.007903270323113,21.19137592258628,0.42644619969722086,0.4205076356548467,0.0,-8.266959714457606,5.720832673912187,2.7838821885562646,0.1351103467993117,0.10687173665424725,0.0,457.38901878771617,455.92963291725926,456.0167336613272,457.96616535564203
3.900000000000003,-11.017445745387015,7.355153281694297,21.351154768084527,0.43459113758983037,0.42691436957895235,0.0,-8.480228834026947,5.854141663702613,2.5416722100358675,0.13636713218283253,0.10479172323972548,0.0,410.6149113568993,410.4411717826076,409.5923267477384,409.72279217261604
3.960000000000003,-11.534652797010365,7.71211309312277,21.49999225179032,0.4448468751276913,0.43846807928483766,0.0,-8.76064057748397,6.044143013574122,2.4177175029823714,0.15098666720542617,0.07842395340583633,0.0,459.40364483295,457.31508199662096,457.4262598439208,458.6072711190848
4.020000000000002,-12.070649323962355,8.082066233001322,21.644513069870154,0.45394614406723566,0.453817460935908,0.0,-9.106523134636166,6.28669102672944,2.3965347359815037,0.15228580117368987,0.04146445038041657,0.0,500.428185755389,497.7326276619528,500.8804879526915,500.99373772221355
4.080000000000001,-12.627334063596996,8.466249754453452,21.786861427116797,0.46435588976502373,0.46115731754615563,0.0,-9.449757434411497,6.5188389767416295,2.3458977301018367,0.13866895556360564,0.016104843866362097,0.0,497.70929707279436,495.84954491780553,496.8550728799613,495.87343747620105
4.14,-13.201565462192843,8.86147701646119,21.920188349016446,0.4739190050201465,0.4641091082444202,0.0,-9.691904525469443,6.655328325356969,2.0978157626749963,0.12519617921251566,0.030387022015647826,0.0,426.7541322835518,427.9720080345358,427.45262230806935,426.3199227058468
4.199999999999998,-13.791094595716379,9.265454622292724,22.039661265639793,0.48232664810518067,0.46736848363291283,0.0,-9.959587561744044,6.810279897126088,1.883782731225122,0.13443308889584854,0.016004397736098786,0.0,443.99754374885583,442.8156594023151,441.1561162513137,441.93360180623876
4.259999999999997,-14.397268828033187,9.67912565665781,22.146957769503942,0.49832018011271906,0.470364123373356,0.0,-10.24648206141235,6.97871733831234,1.691290970676877,0.1640987353159961,-0.0008699461393497018,0.0,454.5012219781293,453.14615930855615,452.2947128769361,454.6975615876256
4.319999999999996,-15.019753721579372,10.102003652505184,22.240762109288447,0.516733576644909,0.47230025860416625,0.0,-10.503427427071635,7.117389585812538,1.4344685065097467,0.13081130258806492,-0.017563136506200543,0.0,431.7160915019978,430.30475928724695,433.4664465594527,430.681821554952
4.379999999999995,-15.65828557609735,10.533736476062012,22.31988931298206,0.5246415550617476,0.47130975709472356,0.0,-10.781495781445411,7.273374082373602,1.2025615995495593,0.12668503886009697,-0.01575743567354628,0.0,444.42252085119765,444.57064169050915,443.84975874628896,443.52621961071014
4.439999999999993,-16.31405888874689,10.975199135437572,22.385743373684523,0.5338911012990719,0.47229211965436146,0.0,-11.07803949137647,7.441570462325039,0.9915684806809563,0.11136847578099597,-0.03221454953121539,0.0,454.371812207926,453.04999894143907,455.60178733920645,454.3880584654465
4.499999999999992,-16.988966717319318,11.427910554961688,22.44085994360393,0.5431489059691046,0.47047406592041696,0.0,-11.418982554843447,7.64816928075267,0.8442796825006571,0.12778944679086326,-0.029513583801552744,0.0,481.9596617393688,482.16357780481434,481.0030050785561,482.25651414283186
4.559999999999991,-17.6826291314009,11.891124082503277,22.48395813823729,0.5508350319103323,0.4688776392883298,0.0,-11.703796028693867,7.791877402521844,0.5919089519515924,0.12851035482449363,-0.025984343471158165,0.0,443.01016731576055,443.30017177480005,443.56868970399046,443.6429143839502
4.6199999999999894,-18.394415457522225,12.363805644616832,22.513321565742817,0.561432758475779,0.46806710571672205,0.0,-12.022807693703879,7.963636212988481,0.38573673543770415,0.10865763836310309,-0.03673767321057383,0.0,464.2490503339071,463.40395914392946,464.4793851859041,462.93199168257473
4.679999999999988,-19.122795406486095,12.843890800313606,22.525689550754265,0.5683149682955637,0.4659294595763459,0.0,-12.257877989717674,8.039120579030334,0.027071199458739814,0.11416302910844295,-0.034866352274970425,0.0,400.8124746417977,400.98185678591113,399.95924996196646,400.472864042071
4.739999999999987,-19.867094004978586,13.330159060975912,22.519219111662455,0.5835311541690578,0.4645486586306955,0.0,-12.552697825762168,8.169584878198647,-0.24360301248251903,0.08125417278113378,-0.04538224304974082,0.0,438.1637169040266,437.2874706372978,441.61069014305184,438.89606098361304
4.799999999999986,-20.6297597724675,13.824777551043677,22.497256972683815,0.5886913226693231,0.4619400836894929,0.0,-12.87037335139707,8.316986202173569,-0.48883932279989917,0.08602286331986075,-0.042688419631400805,0.0,451.027320968002,451.24383159758133,451.60598347527343,451.9960850938909
4.859999999999984,-21.41169887204328,14.328127201563051,22.460553745678407,0.5938635086700526,0.45955838330074616,0.0,-13.195199750182981,8.460570690862129,-0.7350189226603525,0.08316734887742465,-0.04868377925774722,0.0,451.4900077485378,451.0047176538881,453.20860401851786,452.9847240314494
4.919999999999983,-22.21330530927432,14.839913601764277,22.408964124815633,0.5992646105207822,0.4587657397367444,0.0,-13.52600220088573,8.598105918956302,-0.9851768973789341,0.08909202506199904,-0.03385758225600239,0.0,451.0343630108295,452.2296421928974,451.68863833168047,452.1722087017085
4.979999999999982,-23.035117148408172,15.359921664597215,22.342469459790404,0.6047235809924763,0.4755592817771568,0.0,-13.86831066199171,8.733399363450017,-1.23362347434981,0.08401137371615683,-0.08260195184365601,0.0,457.6102197412411,453.7100727274703,455.9590266211357,455.5588946947843
5.0399999999999805,-23.87769649595089,15.887781776470089,22.260825051703286,0.6133720303109085,0.4726373834919446,0.0,-14.218658744636231,8.861173620040555,-1.4885030769942098,0.1036524284116542,-0.06813247845089612,0.0,457.4735654822041,458.6201510043564,456.76387731023055,458.33488642456166
